ptimes:
59,73,85,75,71,98,74,81,68,84,99,51,92,98,58,62,99,83,86,64,84,62,53,57,53,64,99,87,94,88,74,75,94,59,67,99,56,60,79,92,83,85,81,86,95,96,54,60,99,67,82,98,57,60,54,54,100,50,53,53,58,69,69,71,76,99,69,87,60,84,56,69,99,68,80,51,97,72,74,60,94,95,85,96,92,52,61,84,70,65,71,86,55,51,61,52,76,54,91,61
65,86,77,64,74,92,57,78,75,94,63,98,78,74,73,72,95,99,63,76,67,53,61,74,83,93,95,89,68,56,66,53,53,56,72,55,91,74,91,52,50,75,82,56,92,77,71,85,70,94,66,64,99,91,58,94,72,78,64,94,90,87,55,66,77,59,83,65,87,74,95,58,76,86,76,80,64,74,85,98,83,62,100,63,92,95,74,58,51,70,80,92,95,74,65,59,90,88,54,59
56,85,87,76,81,77,51,75,52,88,64,91,95,84,89,72,88,81,69,70,83,68,66,89,96,70,85,63,90,75,50,93,95,94,93,76,54,98,90,59,87,95,53,88,96,80,52,56,85,87,91,51,66,65,80,98,90,54,97,58,82,54,91,67,54,91,96,89,69,84,69,52,65,78,97,62,97,62,69,81,61,99,67,79,57,54,54,53,94,53,95,71,88,71,53,66,89,67,92,58
stimes:
19,7,1,18,11,14,10,3,18,19,5,14,9,19,19,1,18,17,17,17,10,8,16,9,15,18,7,18,6,5,1,20,2,7,5,10,13,13,15,10,19,20,19,3,9,13,12,10,11,18,18,11,5,9,16,4,10,20,3,4,4,11,20,18,15,1,10,11,11,14,15,14,3,13,15,8,9,8,2,18,18,3,16,6,19,6,18,8,2,13,13,13,15,8,18,9,20,12,17,20
1,18,19,17,13,6,1,1,7,10,12,8,8,15,11,9,15,20,4,16,13,14,15,13,9,5,10,2,9,7,13,7,13,8,16,6,19,13,13,10,9,17,12,15,5,1,6,7,18,5,13,14,13,5,19,7,12,19,7,12,5,20,16,12,4,2,5,20,10,2,12,12,17,9,3,17,19,17,8,14,11,2,16,20,5,11,11,4,16,19,1,5,17,12,20,3,3,20,5,3
9,4,9,2,5,5,8,3,12,18,13,15,19,20,6,4,4,20,12,2,4,4,7,20,8,1,19,11,18,14,17,8,19,17,16,7,20,12,1,18,4,15,1,18,3,8,3,6,18,11,13,12,11,19,19,15,11,2,10,9,7,6,3,3,15,7,6,6,9,14,19,17,20,16,12,18,14,8,14,5,7,18,9,15,1,7,15,17,4,7,9,2,11,13,10,12,8,19,7,20
due_dates:
3716,3523,2707,3804,3302,5847,4930,5946,3386,4051,3797,3707,3468,2281,5159,3988,5004,4178,2620,2805,4112,6052,2989,6428,3166,4953,5131,6305,3873,6391,3752,3570,3894,4309,2313,4941,4383,3051,3572,3377,5209,3694,4999,5605,4326,5696,2523,6167,4907,5127,4405,3540,4487,3424,6288,2949,6423,5138,4947,2782,3152,5708,6185,6133,2354,6098,3878,4663,3350,2319,5155,3904,4531,6104,2206,5340,3983,4269,4489,2300,3020,3107,4479,2458,6120,2494,3068,5219,4066,5784,3936,4344,4278,2339,3930,2817,3754,2679,2806,4088
heur_tardiness: 116249
heur_schedule:
68,34,63,70,4,15,80,83,76,88,44,51,69,62,58,2,18,74,59,28,47,86,8,37,39,19,79,13,46,97,72,55,93,98,45,0,43,96,42,22,29,73,10,6,92,30,71,12,66,53,60,33,41,94,95,52,40,77,3,1,21,26,84,20,61,82,23,75,50,17,36,35,81,85,48,64,32,31,5,89,90,9,27,91,87,25,14,38,67,7,11,99,56,57,54,16,78,49,24,65